0,312,169
1,312,168
2,312,168
3,312,169
4,312,169
5,312,169
6,313,168
7,313,168
8,313,168
9,313,168
10,313,168
11,313,168
12,313,168
13,314,168
14,313,168
15,313,168
16,313,168
17,313,168
18,313,168
19,312,169
20,314,168
21,313,168
22,313,168
23,314,168
24,314,168
25,314,168
26,313,167
27,314,167
28,314,167
29,314,167
30,314,167
31,314,167
32,313,167
33,314,167
34,314,167
35,313,167
36,313,167
37,313,168
38,313,168
39,313,168
40,313,168
41,313,168
42,313,168
43,312,167
44,312,167
45,313,167
46,313,167
47,312,167
48,312,167
49,313,167
50,313,167
51,312,167
52,312,167
53,312,167
54,313,167
55,312,167
56,312,167
57,313,167
58,313,167
59,313,166
60,313,166
61,313,166
62,313,166
63,313,167
64,313,166
65,313,166
66,313,166
67,313,166
68,312,166
69,312,166
70,312,166
71,312,166
72,312,167
73,313,167
74,313,167
75,313,167
76,313,166
77,313,166
78,313,166
79,313,166
80,313,166
81,313,166
82,313,166
83,313,166
84,313,166
85,313,166
86,313,166
87,313,166
88,312,166
89,312,166
90,312,166
91,312,166
92,313,166
93,313,166
94,313,166
95,313,166
96,313,166
97,313,166
98,314,166
99,313,167
100,314,166
101,314,166
102,313,166
103,313,166
104,314,167
105,314,167
106,314,167
107,315,167
108,315,167
109,315,167
110,316,167
111,315,168
112,314,169
113,312,169
114,312,169
115,312,169
116,313,169
117,313,169
118,315,169
119,312,172
120,312,172
121,312,173
122,312,173
123,310,173
124,310,171
125,310,171
126,311,172
127,311,172
128,311,172
129,311,172
130,311,172
131,311,172
132,311,172
133,311,172
134,311,172
135,311,173
136,311,173
137,311,173
138,310,173
139,310,173
140,310,174
141,308,174
142,308,174
143,310,175
144,310,175
145,309,176
146,309,176
147,308,177
148,308,177
149,308,177
150,310,177
151,310,177
152,310,178
153,311,178
154,311,178
155,311,179
156,311,179
157,310,180
158,310,180
159,309,181
160,309,181
161,310,181
162,309,183
163,309,183
164,311,185
165,312,184
166,312,184
167,312,186
168,312,186
169,311,187
170,311,187
171,311,189
172,311,189
173,311,189
174,311,192
175,311,192
176,312,194
177,312,194
178,312,194
179,310,197
180,310,197
181,334,384
182,334,384
183,334,384
184,335,384
185,335,384
186,335,384
187,335,384
188,335,384
189,335,384
190,335,384
191,335,384
192,335,384
193,335,384
194,335,384
195,335,384
196,335,384
197,335,384
198,335,384
199,335,384
200,335,384
201,335,384
202,335,384
203,335,384
204,335,384
205,335,384
206,335,384
207,335,384
208,335,384
209,335,384
210,335,384
211,335,384
212,335,384
213,335,384
214,335,384
215,335,384
216,335,384
217,335,384
218,335,384
219,335,384
220,324,237
221,324,237
222,324,237
223,324,238
224,324,239
225,323,240
226,323,240
227,323,241
228,321,243
229,321,243
230,321,243
231,321,243
232,321,243
233,321,243
234,328,244
235,328,244
236,318,247
237,318,247
238,318,247
239,318,247
240,318,247
241,293,243
242,315,247
243,313,245
244,315,245
245,315,245
246,315,245
247,315,245
248,313,245
249,313,245
250,313,245
251,313,244
252,313,244
253,313,247
254,313,247
255,309,247
256,311,247
257,311,247
258,313,248
259,313,248
260,314,248
261,314,247
262,314,247
263,313,247
264,313,247
265,312,246
266,312,248
267,308,247
268,309,247
269,309,247
270,307,246
271,308,251
272,307,251
273,309,251
274,309,251
275,311,253
276,311,253
277,311,252
278,311,252
279,308,252
280,309,253
281,309,253
282,308,253
283,308,253
284,308,253
285,308,253
286,308,253
287,308,252
288,308,252
289,309,254
290,309,254
291,308,253
292,308,253
293,308,253
294,308,252
295,308,252
296,306,256
297,306,256
298,306,256
299,304,256
300,304,256
301,304,257
302,304,257
303,310,255
304,309,256
305,309,256
306,318,252
307,318,252
308,325,252
309,325,252
310,325,252
311,325,251
312,326,251
313,326,251
314,327,251
315,327,251
316,326,250
317,327,250
318,326,250
319,326,250
320,326,250
321,327,250
322,327,250
323,325,249
324,325,249
325,326,250
326,326,250
327,326,250
328,326,250
329,326,250
330,326,250
331,326,250
332,325,247
333,325,247
334,325,247
335,325,247
336,325,247
337,325,245
338,324,245
339,323,245
340,322,245
341,322,245
342,316,247
343,316,247
344,298,226
345,313,250
346,313,250
347,309,249
348,309,249
349,308,249
350,309,250
351,313,247
352,313,248
353,313,248
354,308,248
355,308,248
356,307,249
357,307,248
358,308,248
359,309,248
360,311,250
361,307,250
362,307,250
363,310,248
364,311,248
365,311,252
366,307,254
367,308,254
368,308,255
369,308,255
370,308,255
371,308,255
372,308,255
373,317,254
374,317,254
375,317,256
376,317,256
377,317,256
378,317,257
379,317,257
380,316,257
381,315,256
382,315,256
383,316,257
384,316,257
385,314,257
386,314,257
387,314,258
388,314,258
389,314,258
390,314,259
391,316,259
392,318,259
393,318,259
394,318,259
395,318,260
396,318,260
397,317,261
398,319,261
399,318,262
400,320,262
401,320,262
402,321,263
403,321,263
404,321,264
405,321,264
406,321,264
407,321,264
408,325,264
409,326,264
410,326,264
411,327,264
412,327,264
413,327,265
414,327,264
415,327,264
416,328,264
417,328,264
418,328,264
419,329,265
420,329,265
421,329,265
422,329,265
423,329,265
424,329,265
425,329,265
426,329,265
427,329,265
428,329,265
429,329,265
430,329,265
431,329,265
432,329,265
433,329,265
434,329,265
435,329,265
436,329,265
437,329,265
438,329,265
439,329,265
440,329,265
441,329,265
442,329,265
443,329,265
444,329,265
445,329,265
446,329,265
447,329,265
448,329,265
449,329,265
450,329,265
451,329,265
452,329,265
453,329,265
454,329,265
455,329,265
456,329,265
457,329,265
458,329,265
459,329,265
460,329,265
461,329,265
462,329,265
463,329,265
464,329,265
465,329,265
466,329,265
467,329,265
468,329,265
469,329,265
470,329,265
471,329,265
472,294,184
473,294,184
474,292,184
475,292,184
476,292,184
477,292,184
478,292,184
479,291,185
480,291,185
481,291,186
482,291,186
483,291,187
484,291,187
485,291,187
486,292,188
487,292,188
488,292,189
489,293,189
490,293,189
491,294,190
492,294,190
493,294,191
494,294,191
495,294,191
496,295,191
497,307,187
498,306,187
499,306,187
500,307,188
501,305,188
502,305,188
503,304,189
504,304,189
505,303,189
506,304,189
507,306,190
508,306,190
509,306,190
510,306,190
511,306,190
512,305,190
513,305,190
514,305,190
515,304,190
516,304,190
517,303,191
518,303,191
519,302,191
520,302,191
521,302,191
522,318,418
523,318,418
524,318,418
525,318,418
526,318,418
527,318,418
528,318,418
529,318,418
530,318,418
531,318,418
532,318,418
533,318,418
534,318,418
535,318,418
536,318,418
537,318,418
538,318,418
539,318,418
540,318,418
541,283,200
542,283,200
543,282,200
544,282,200
545,282,200
546,281,200
547,281,200
548,280,203
549,280,203
550,279,203
551,277,205
552,277,205
553,276,204
554,276,204
555,273,199
556,273,199
557,273,203
558,272,203
559,272,203
560,269,203
561,271,206
562,271,206
563,270,207
564,270,207
565,268,207
566,271,207
567,270,205
568,272,210
569,272,210
570,267,201
571,271,213
572,258,215
573,267,215
574,269,215
575,270,215
576,270,215
577,261,204
578,267,213
579,273,228
580,268,217
581,268,217
582,268,215
583,268,215
584,264,218
585,264,218
586,264,218
587,264,218
588,264,218
589,265,218
590,265,218
591,266,218
592,266,218
593,266,218
594,267,218
595,267,218
596,268,218
597,270,227
598,270,220
599,284,206
600,272,216
601,273,216
602,273,216
603,260,219
604,269,218
605,269,218
606,271,220
607,271,219
608,272,218
609,272,218
610,272,218
611,275,214
612,275,214
613,276,215
614,276,215
615,278,226
616,280,218
617,280,218
618,281,217
619,282,217
620,283,217
621,285,218
622,286,218
623,288,218
624,288,217
625,287,216
626,288,216
627,290,206
628,289,212
629,289,212
630,290,212
631,290,212
632,292,226
633,289,214
634,289,214
635,290,214
636,288,214
637,288,214
638,288,214
639,291,227
640,288,219
641,288,218
642,288,209
643,288,212
644,287,212
645,287,212
646,288,213
647,288,213
648,288,213
649,282,208
650,284,210
651,289,213
652,289,213
653,289,213
654,279,210
655,287,215
656,287,216
657,287,216
658,288,216
659,288,218
660,290,216
661,300,219
662,300,219
663,288,217
664,288,217
665,288,217
666,286,217
667,286,217
668,298,226
669,294,217
670,294,217
671,292,217
672,289,215
673,289,216
674,289,216
675,289,217
676,289,217
677,289,217
678,288,217
679,288,217
680,288,217
681,288,217
682,288,217
683,286,217
684,286,217
685,286,216
686,286,216
687,284,208
688,284,215
689,284,215
690,279,208
691,281,215
692,281,210
693,281,210
694,281,210
695,282,215
696,281,215
697,281,215
698,281,215
699,281,215
700,281,215
701,281,215
702,281,215
703,281,215
704,281,215
705,281,215
706,281,215
707,281,215
708,281,215
709,281,215
710,281,215
711,281,215
712,281,215
713,281,215
714,281,215
715,281,215
716,281,215
717,281,215
718,281,215
719,281,215
720,281,215
721,281,215
722,281,215
723,281,215
724,281,215
725,281,215
726,281,215
727,281,215
728,281,215
729,281,215
730,281,215
731,281,215
732,281,215
733,281,215
734,281,215
735,281,215
736,281,215
737,281,215
738,281,215
739,281,215
740,281,215
741,281,215
742,281,215
743,281,215
744,281,215
745,253,188
746,253,188
747,253,189
748,253,188
749,253,188
750,253,189
751,253,189
752,253,190
753,253,190
754,253,190
755,252,190
756,252,190
757,252,190
758,252,190
759,250,193
760,250,193
761,250,193
762,252,192
763,252,192
764,253,203
765,252,200
766,247,205
767,252,198
768,252,198
769,256,197
770,256,197
771,255,201
772,255,201
773,255,201
774,256,201
775,256,201
776,257,201
777,257,201
778,257,201
779,258,201
780,258,203
781,258,207
782,258,207
783,259,206
784,258,206
785,258,206
786,260,206
787,257,206
788,258,207
789,258,207
790,258,207
791,253,210
792,253,210
793,256,209
794,256,209
795,259,205
796,268,213
797,268,213
798,272,213
799,272,213
800,277,207
801,277,207
802,270,213
803,273,210
804,271,210
805,275,208
806,272,209
807,276,207
808,276,207
809,276,207
810,281,206
811,274,206
812,275,206
813,275,206
814,272,206
815,272,206
816,272,206
817,272,206
818,272,206
819,272,206
820,272,206
821,272,206
822,272,206
823,272,206
824,272,206
825,272,206
826,272,206
827,272,206
828,272,206
829,272,206
830,272,206
831,272,206
832,272,206
833,272,206
834,272,206
835,272,206
836,310,222
837,311,221
838,311,221
839,316,221
840,299,220
841,304,224
842,304,224
843,311,226
844,311,226
845,311,226
846,318,228
847,318,228
848,320,235
849,322,235
850,322,234
851,326,238
852,326,238
853,329,238
854,329,238
855,335,241
856,335,241
857,335,237
858,340,237
859,341,237
860,345,239
861,344,240
862,344,240
863,349,242
864,349,242
865,351,244
866,351,244
867,354,246
868,354,246
869,354,246
870,357,248
871,357,248
872,360,255
873,363,253
874,363,252
875,361,249
876,361,248
877,361,253
878,361,253
879,360,251
880,366,246
881,366,246
882,360,248
883,360,247
884,362,247
885,362,247
886,362,247
887,363,245
888,363,245
889,363,246
890,363,246
891,363,248
892,364,244
893,364,244
894,366,244
895,366,244
896,369,243
897,369,243
898,369,243
899,369,242
900,369,242
901,373,242
902,373,242
903,374,243
904,373,242
905,373,242
906,372,242
907,372,242
908,375,242
909,375,242
910,375,242
911,372,246
912,372,246
913,372,246
914,372,246
915,373,246
916,373,246
917,373,246
918,373,246
919,373,246
920,375,246
921,375,246
922,380,246
923,380,246
924,380,246
925,380,246
926,380,246
927,382,246
928,382,246
929,382,246
930,381,246
931,384,246
932,385,244
933,385,244
934,385,244
935,384,244
936,384,244
937,395,242
938,395,242
939,384,242
940,384,243
941,384,243
942,385,243
943,385,243
944,384,242
945,384,242
946,384,242
947,386,242
948,386,242
949,386,242
950,386,242
951,388,241
952,388,241
953,388,241
954,389,240
955,389,240
956,394,243
957,394,243
958,394,243
959,396,243
960,396,243
961,401,242
962,401,243
963,402,245
964,402,245
965,402,246
966,401,247
967,405,251
968,405,252
969,407,252
970,407,252
971,407,252
972,407,252
973,407,252
974,407,252
975,407,252
976,407,252
977,407,253
978,406,254
979,407,254
980,408,256
981,409,256
982,411,258
983,410,260
984,410,260
985,410,263
986,410,263
987,410,263
988,410,263
989,410,263
990,410,266
991,410,266
992,412,253
993,411,265
994,411,265
995,410,265
996,410,265
997,408,272
998,408,272
999,406,267
1000,406,267
1001,406,267
1002,405,266
1003,405,262
1004,406,252
1005,409,270
1006,409,270
1007,409,270
1008,409,270
1009,415,275
1010,415,275
1011,414,277
1012,415,277
1013,414,277
1014,412,283
1015,410,283
1016,410,295
1017,409,283
1018,409,283
1019,409,279
1020,409,279
1021,408,282
1022,409,283
1023,413,286
1024,412,285
1025,412,285
1026,410,284
1027,410,284
1028,411,284
1029,411,284
1030,411,284
1031,410,285
1032,410,285
1033,411,287
1034,411,287
1035,410,289
1036,409,290
1037,409,290
1038,408,289
1039,408,289
1040,408,301
1041,408,301
1042,408,301
1043,413,290
1044,413,290
1045,412,290
1046,412,290
1047,413,290
1048,412,290
1049,412,290
1050,416,290
1051,416,290
1052,409,305
1053,420,291
1054,420,291
1055,419,291
1056,419,291
1057,418,286
1058,419,289
1059,417,289
1060,418,285
1061,418,288
1062,421,292
1063,421,292
1064,400,269
1065,411,271
1066,414,288
1067,412,290
1068,412,290
1069,413,291
1070,412,291
1071,412,293
1072,411,293
1073,411,293
1074,410,293
1075,408,293
1076,404,293
1077,403,293
1078,401,293
1079,401,293
1080,401,293
1081,441,304
1082,397,297
1083,398,298
1084,398,298
1085,398,298
1086,399,301
1087,399,301
1088,397,303
1089,397,303
1090,397,303
1091,398,304
1092,398,304
1093,396,304
1094,396,304
1095,377,306
1096,382,306
1097,382,306
1098,379,308
1099,379,308
1100,381,307
1101,382,307
1102,382,307
1103,381,304
1104,385,304
1105,385,305
1106,385,305
1107,400,308
1108,388,307
1109,388,307
1110,402,294
1111,387,306
1112,388,307
1113,388,305
1114,388,305
1115,390,307
1116,390,307
1117,391,307
1118,391,307
1119,394,308
1120,394,308
1121,394,308
1122,390,314
1123,390,314
1124,392,316
1125,392,312
1126,392,312
1127,395,312
1128,395,312
1129,394,308
1130,394,308
1131,392,307
1132,392,307
1133,392,307
1134,395,306
1135,395,306
1136,397,305
1137,396,305
1138,396,305
1139,398,304
1140,396,304
1141,398,304
1142,398,304
1143,400,304
1144,397,303
1145,397,303
1146,399,303
1147,399,303
1148,400,303
1149,396,303
1150,396,303
1151,398,303
1152,394,303
1153,396,303
1154,395,303
1155,395,303
1156,391,303
1157,391,303
1158,393,303
1159,393,303
1160,386,305
1161,386,305
1162,386,305
1163,381,313
1164,381,313
1165,384,313
1166,379,313
1167,381,313
1168,381,312
1169,381,312
1170,383,312
1171,379,319
1172,379,319
1173,350,386
1174,350,386
1175,328,391
1176,328,391
1177,316,397
1178,316,397
1179,286,403
1180,286,403
1181,286,403
1182,271,405
1183,271,405
1184,257,405
1185,256,404
1186,255,405
1187,249,406
1188,249,406
1189,246,411
1190,246,411
1191,234,410
1192,234,410
1193,234,410
1194,244,424
